           9           9
  -64.0000000       16.0000000       0.00000000       16.0000000       0.00000000       0.00000000       0.00000000       16.0000000       0.00000000    
   16.0000000      -64.0000000       16.0000000       0.00000000       16.0000000       0.00000000       0.00000000       0.00000000       0.00000000    
   0.00000000       16.0000000      -64.0000000       16.0000000       0.00000000       16.0000000       0.00000000       0.00000000       0.00000000    
   16.0000000       0.00000000       16.0000000      -64.0000000       16.0000000       0.00000000       16.0000000       0.00000000       0.00000000    
   0.00000000       16.0000000       0.00000000       16.0000000      -64.0000000       16.0000000       0.00000000       16.0000000       0.00000000    
   0.00000000       0.00000000       16.0000000       0.00000000       16.0000000      -64.0000000       16.0000000       0.00000000       16.0000000    
   0.00000000       0.00000000       0.00000000       16.0000000       0.00000000       16.0000000      -64.0000000       16.0000000       0.00000000    
   0.00000000       0.00000000       0.00000000       0.00000000       16.0000000       0.00000000       16.0000000      -64.0000000       16.0000000    
   0.00000000       0.00000000       0.00000000       0.00000000       0.00000000       16.0000000       0.00000000       16.0000000      -64.0000000    
